   epochs  batch_size  learning_rate optimizer      loss  accuracy

1      20          32          0.001     Adam  0.278788  0.859375
2      10          16          0.0001    Adam  0.8316    0.8387
3      10          32          0.0001    Adam  0.7988    0.8387
4      10          16          0.001     Adam  1.5517    0.3226
5      20          16          0.01      SGD   1.3677    0.2903
6      20          16          0.001     Adam  0.2626    0.8790
7      20          16          0.0001    Adam  0.4745    0.7903
8      20          32          0.01      SGD   1.4004    0.2339
9      20          32          0.001     Adam  0.4548    0.8871
10     20          32          0.0001    Adam  0.5436    0.8468